1.000000000000000000e+00 4.532575607299804688e-03
1.050000000000000000e+02 5.331396579742431197e-01
2.100000000000000000e+02 1.213998389244079545e+00
3.150000000000000000e+02 2.176330447196960449e+00
4.210000000000000000e+02 3.411304116249084473e+00
5.260000000000000000e+02 4.356062865257262828e+00
6.310000000000000000e+02 5.883044719696044922e+00
7.360000000000000000e+02 6.952696061134338024e+00
8.420000000000000000e+02 8.354252696037292480e+00
9.470000000000000000e+02 1.020715422630309988e+01
1.052000000000000000e+03 1.292234539985656738e+01
1.157000000000000000e+03 1.425798077583312917e+01
1.263000000000000000e+03 1.651133010387420796e+01
1.368000000000000000e+03 1.862500147819519114e+01
1.473000000000000000e+03 2.220299739837646413e+01
1.578000000000000000e+03 2.445987613201141286e+01
1.684000000000000000e+03 2.630133984088897847e+01
1.789000000000000000e+03 2.856136295795440816e+01
1.894000000000000000e+03 3.112873024940490652e+01
2.000000000000000000e+03 3.401774482727050497e+01
