1.000000000000000000e+00 4.219508171081543316e-03
5.000000000000000000e+00 1.902365684509277344e-02
1.000000000000000000e+01 3.541851043701171875e-02
1.500000000000000000e+01 4.872043132781982144e-02
2.000000000000000000e+01 6.540758609771728238e-02
2.500000000000000000e+01 8.254430294036865789e-02
3.000000000000000000e+01 9.519140720367431918e-02
3.500000000000000000e+01 1.123147964477539118e-01
4.000000000000000000e+01 1.336157560348510687e-01
4.500000000000000000e+01 1.435752391815185436e-01
5.000000000000000000e+01 1.639591455459594727e-01
5.500000000000000000e+01 1.863703489303588923e-01
6.000000000000000000e+01 2.046290397644043024e-01
6.500000000000000000e+01 2.190454006195068359e-01
7.000000000000000000e+01 2.527247667312622070e-01
7.500000000000000000e+01 2.556713819503784180e-01
8.000000000000000000e+01 2.655076742172240989e-01
8.500000000000000000e+01 2.931000232696533425e-01
9.000000000000000000e+01 2.922379016876220925e-01
9.500000000000000000e+01 3.219519615173339622e-01
1.010000000000000000e+02 3.380011796951293834e-01
1.060000000000000000e+02 3.853255033493042103e-01
1.110000000000000000e+02 4.058919191360473855e-01
1.160000000000000000e+02 4.088789463043213113e-01
1.210000000000000000e+02 4.143764257431030162e-01
1.260000000000000000e+02 4.356082201004028431e-01
1.310000000000000000e+02 4.468868970870971680e-01
1.360000000000000000e+02 4.788215160369873047e-01
1.410000000000000000e+02 5.040017127990722434e-01
1.460000000000000000e+02 5.217603921890259233e-01
1.510000000000000000e+02 5.396546840667724165e-01
1.560000000000000000e+02 5.441683769226074441e-01
1.610000000000000000e+02 5.871939659118652344e-01
1.660000000000000000e+02 6.408618688583374023e-01
1.710000000000000000e+02 6.066655158996582253e-01
1.760000000000000000e+02 6.366888523101806863e-01
1.810000000000000000e+02 6.474874258041382058e-01
1.860000000000000000e+02 6.819624185562134233e-01
1.910000000000000000e+02 7.031493425369262917e-01
1.960000000000000000e+02 7.172889709472656250e-01
2.020000000000000000e+02 7.243283033370971902e-01
2.070000000000000000e+02 7.498910665512085183e-01
2.120000000000000000e+02 7.656036138534545454e-01
2.170000000000000000e+02 7.933806657791138139e-01
2.220000000000000000e+02 8.093323945999145730e-01
2.270000000000000000e+02 8.400998115539550781e-01
2.320000000000000000e+02 8.589126348495483843e-01
2.370000000000000000e+02 8.659625768661498579e-01
2.420000000000000000e+02 9.064082622528075728e-01
2.470000000000000000e+02 9.125820636749267800e-01
2.520000000000000000e+02 9.305086851119994673e-01
2.570000000000000000e+02 1.001620030403137296e+00
2.620000000000000000e+02 9.783704280853271484e-01
2.670000000000000000e+02 1.008780264854431064e+00
2.720000000000000000e+02 1.027450299263000577e+00
2.770000000000000000e+02 1.071237230300903231e+00
2.820000000000000000e+02 1.093740320205688565e+00
2.870000000000000000e+02 1.107973289489746049e+00
2.920000000000000000e+02 1.114722871780395419e+00
2.970000000000000000e+02 1.158614897727966220e+00
3.030000000000000000e+02 1.199487376213073775e+00
3.080000000000000000e+02 1.200455904006958008e+00
3.130000000000000000e+02 1.227408385276794522e+00
3.180000000000000000e+02 1.258976674079895108e+00
3.230000000000000000e+02 1.295521593093872159e+00
3.280000000000000000e+02 1.340661764144897461e+00
3.330000000000000000e+02 1.304209327697753995e+00
3.380000000000000000e+02 1.361095166206359952e+00
3.430000000000000000e+02 1.377014017105102628e+00
3.480000000000000000e+02 1.411671566963195845e+00
3.530000000000000000e+02 1.437104749679565474e+00
3.580000000000000000e+02 1.516142344474792569e+00
3.630000000000000000e+02 1.521371841430664062e+00
3.680000000000000000e+02 1.528607726097106934e+00
3.730000000000000000e+02 1.541907095909118564e+00
3.780000000000000000e+02 1.592593169212341397e+00
3.830000000000000000e+02 1.594295477867126554e+00
3.880000000000000000e+02 1.627032446861267134e+00
3.930000000000000000e+02 1.658135533332824707e+00
3.980000000000000000e+02 1.703144359588623091e+00
4.040000000000000000e+02 1.740948367118835494e+00
4.090000000000000000e+02 1.754528713226318315e+00
4.140000000000000000e+02 1.770657753944397061e+00
4.190000000000000000e+02 1.780785632133483842e+00
4.240000000000000000e+02 1.797037887573242232e+00
4.290000000000000000e+02 1.849514055252075240e+00
4.340000000000000000e+02 1.874440979957580522e+00
4.390000000000000000e+02 1.858074188232421875e+00
4.440000000000000000e+02 1.940674161911010831e+00
4.490000000000000000e+02 1.932740592956542880e+00
4.540000000000000000e+02 2.033011484146117986e+00
4.590000000000000000e+02 1.971059703826904208e+00
4.640000000000000000e+02 2.020596623420715332e+00
4.690000000000000000e+02 2.050761413574218928e+00
4.740000000000000000e+02 2.062080049514770419e+00
4.790000000000000000e+02 2.130202174186706543e+00
4.840000000000000000e+02 2.128785300254821600e+00
4.890000000000000000e+02 2.175128912925720304e+00
4.940000000000000000e+02 2.230583310127258301e+00
5.000000000000000000e+02 2.253319931030273615e+00
